40.961538
88
87.074890 455.310974
88.139374 307.803986
51.915894 277.048187
32.452942 239.146942
33.236694 209.071747
40.816376 183.378204
53.748138 151.621368
73.424469 121.725037
103.206726 113.899017
134.078156 133.424942
148.446777 160.330933
157.721069 184.067719
163.077576 221.200043
175.617493 234.135620
207.620361 240.150665
243.280701 223.981171
255.689941 193.000488
256.595947 143.233536
211.852905 93.118866
232.535645 43.971100
277.339661 36.791855
336.251038 61.951553
358.979614 95.907440
356.101562 165.727951
345.390320 203.435272
357.855713 240.904480
374.314331 247.178253
415.722107 236.635742
441.348206 210.167908
453.497864 167.762833
466.577332 84.933838
501.192688 45.544998
561.802185 42.181747
597.086365 46.983475
649.205322 47.759613
688.392456 74.988998
697.536133 103.900024
721.048462 115.542038
759.582520 107.651337
798.769775 92.128647
829.597046 96.009323
841.483765 151.438263
844.618774 172.199860
835.344482 192.896790
825.242188 210.640259
810.481689 217.172699
776.911255 212.386536
739.683472 203.978424
675.485229 188.750458
658.112305 173.163101
596.980225 163.526093
551.828003 187.536285
521.627380 240.937195
536.257263 278.515045
602.359680 298.438110
674.855957 276.512329
736.704834 272.266937
780.463745 279.640198
823.827881 313.655640
836.498413 344.895050
834.016602 388.876007
824.872925 424.605560
823.044189 466.999756
796.919312 493.776367
744.539185 508.393616
691.244629 502.507935
672.434692 467.581848
692.803833 427.069672
747.665894 407.407593
776.377075 374.828430
746.725342 336.935730
667.044678 345.537903
611.853394 355.857697
589.516724 396.669434
586.639526 461.744019
558.294128 492.983459
495.855896 501.650269
425.308472 504.071411
358.037170 480.916748
349.024109 437.400696
391.703003 405.571259
446.173157 399.620880
464.079590 335.025726
396.975342 324.280609
335.791443 338.079041
282.133850 363.902466
221.118896 354.976898
205.966553 355.947083
10
61.660004 405.270111
75.898010 406.046265
87.784760 405.464111
99.410309 405.464142
110.252106 406.434326
433.893311 161.701172
449.698792 170.691391
465.112427 178.194031
705.633057 256.618439
709.627686 288.821411
