13.961538
23
67.080750 140.571381
243.468140 87.922699
394.167236 64.250351
524.862610 69.978653
607.566162 82.675278
668.698120 114.302765
727.930786 240.232361
741.029663 272.922943
743.642212 313.281952
728.079102 347.283966
700.654175 386.455872
665.385742 403.724854
609.324219 410.910217
576.668213 407.935028
547.920166 384.450714
542.873535 338.081787
536.028687 298.463715
497.488159 253.506226
432.850708 251.727783
378.226868 281.435852
364.119446 324.381958
356.673889 364.999664
354.845154 429.061005
2
490.825012 67.761826
684.429810 369.616608
