24.038462
32
97.295715 338.408356
188.479065 187.413330
301.591492 261.812317
274.225159 369.898102
289.641968 437.208740
378.205017 438.243591
447.958252 415.735657
458.597290 359.019043
442.220337 312.847748
441.356445 279.750305
432.779480 231.588074
387.225647 195.404388
395.132874 139.058594
471.541016 101.370270
575.119324 82.375610
672.303589 83.216431
775.208496 84.179276
809.359253 118.205719
820.750000 147.603302
822.448120 187.225281
779.995361 211.091431
739.791382 206.861786
709.878540 201.040771
652.273376 201.040771
591.896118 211.073242
572.823608 258.292328
565.429199 329.176300
582.175354 388.663208
607.124512 419.967316
667.603394 434.713867
741.014038 426.823181
783.858765 424.365417
3
376.820557 153.485962
394.062927 161.247299
409.084717 164.545883
