30.153846
54
67.913147 465.739990
70.264374 406.117828
80.504028 325.083679
89.302216 272.959473
101.560242 237.951904
118.545654 187.665100
161.570374 126.654495
189.001404 112.296005
242.034729 106.280960
277.564453 115.012482
306.440552 147.297974
309.361938 186.546112
304.920715 213.452118
286.894653 227.939941
253.585510 229.556885
215.443298 239.646637
191.561768 278.788300
205.804077 330.209229
220.042053 343.468201
255.963623 356.597809
305.862000 357.632660
336.427979 357.050537
378.806213 346.929901
411.200989 319.247772
428.704590 284.580444
429.227051 245.715576
432.365112 211.573334
437.851318 168.950623
453.169312 145.262924
488.307129 135.949310
525.796204 138.795135
573.735229 129.610870
616.057373 131.357178
650.803345 134.138321
705.273560 140.412079
736.753906 162.014496
747.987549 198.816193
748.901978 221.841522
739.366333 247.906708
700.962891 277.723206
638.916565 286.713440
589.525024 296.872589
530.981567 310.203491
486.944397 338.031311
473.880737 374.901489
478.321960 414.160950
513.990601 442.126221
558.533386 453.121460
631.682800 443.613831
682.234253 436.305237
722.074585 423.110962
781.637817 398.653595
843.031128 388.369812
855.909912 388.860992
2
296.522705 340.250427
295.347046 373.947601
