33.346154
28
115.409973 309.576569
157.274353 255.614899
256.756775 252.805511
317.550110 281.087097
365.489075 309.286652
431.413086 340.646606
473.996460 317.685974
478.156006 232.134064
365.625427 183.321045
273.445007 143.887848
289.156799 87.032166
415.488342 56.909790
489.944031 55.745590
576.025208 62.019348
655.836426 96.298615
693.551880 148.500168
725.162354 227.546234
686.497559 274.567078
651.620972 290.930573
558.677612 332.274689
534.920410 367.916748
552.554688 409.763336
617.867065 438.189606
695.588379 429.975494
735.989990 389.570435
754.277344 345.589447
797.367554 291.730255
853.274536 287.978943
2
203.554932 240.008026
564.252930 369.665802
