38.538462
52
22.313965 245.757874
97.192871 198.547089
171.126038 210.512512
219.873230 262.455902
229.408752 302.168121
241.304932 327.604156
279.264893 367.870361
332.951294 350.407318
347.898682 310.021759
317.249512 227.900787
269.589355 171.188721
286.486633 107.565201
336.502686 94.935043
407.172791 114.920731
428.414001 188.359619
433.918335 265.693665
438.774048 331.945374
441.514282 389.294037
457.711670 415.165161
510.091858 417.299530
583.763733 391.234344
616.760803 379.528137
640.534363 346.089691
626.688171 308.899902
548.966919 300.621124
510.563477 294.088684
497.239868 252.630157
502.856689 219.384552
539.562012 195.906494
562.943726 196.229889
596.514038 205.866882
632.043762 207.871887
656.153198 171.808701
637.865845 144.061890
605.732361 130.350189
583.134399 129.703400
522.524902 131.255676
499.701111 113.117416
487.161255 88.281113
490.034973 66.743378
499.363525 42.065536
529.015137 30.035446
577.476624 29.065277
643.703003 31.587723
702.614380 39.155029
742.585327 56.035965
763.936646 138.918716
761.964966 211.579346
761.727173 275.968506
822.206055 303.844666
861.523926 290.650391
868.577637 291.232483
4
198.273315 239.833618
434.293396 246.557526
629.694397 366.960205
629.590698 31.950195
