31.961538
48
198.434326 383.721298
191.902618 339.410660
183.790131 288.248825
193.810913 222.946701
207.069672 176.837631
250.828735 154.265030
295.240845 157.498947
322.350159 182.246353
334.106262 221.353836
339.853760 261.260086
338.678101 287.778030
338.416870 325.216141
343.119324 355.006485
354.483643 373.892410
374.077209 384.693649
404.120728 387.086716
429.592407 381.524399
440.695435 359.986679
458.982788 328.747269
465.775208 294.791367
469.851196 249.868790
463.565613 200.531174
470.285645 161.756454
488.050537 146.945236
536.120117 140.736160
570.895874 154.396805
563.972778 197.148880
563.189026 220.368240
567.959473 269.038315
574.360046 309.009262
582.328125 362.460098
587.944946 380.957993
615.375977 397.838913
639.018921 403.142502
665.143738 400.943405
682.386108 395.316452
703.285889 382.962997
725.053955 353.571640
727.274597 336.561356
731.454529 300.988510
726.360229 279.386093
720.686218 247.275650
716.397461 202.080551
719.140564 173.224136
740.170959 149.875412
770.867615 141.208572
801.825500 137.586624
839.706482 137.004501
1
203.390625 297.501862
